Account Type,Account Number,Transaction Date,Cheque Number,Description 1,Description 2,CAD$,USD$
Chequing,03956-5184072,4/1/2026,,DEPOSIT INTEREST,,0.01,
